0 0.639423 0.905983 0.048077 0.051282
0 0.598558 0.938034 0.052885 0.072650
0 0.528846 0.955128 0.076923 0.081197
0 0.810096 0.955128 0.081731 0.072650
0 0.913462 0.903846 0.076923 0.072650
0 0.290865 0.324786 0.091346 0.051282
0 0.721154 0.198718 0.067308 0.038462
0 0.353365 0.923077 0.091346 0.076923
0 0.682692 0.833333 0.067308 0.068376
0 0.817308 0.867521 0.096154 0.051282
0 0.495192 0.264957 0.125000 0.059829
0 0.420673 0.485043 0.091346 0.047009
0 0.379808 0.136752 0.067308 0.068376
0 0.598558 0.126068 0.081731 0.055556
0 0.776442 0.647436 0.120192 0.064103
