0 0.340820 0.164062 0.033203 0.031250
0 0.511719 0.503906 0.023438 0.019531
0 0.540039 0.499023 0.037109 0.029297
0 0.465820 0.201172 0.029297 0.027344
0 0.639648 0.233398 0.029297 0.029297
0 0.402344 0.677734 0.027344 0.031250
0 0.233398 0.770508 0.025391 0.005859
0 0.279297 0.776367 0.027344 0.005859
0 0.303711 0.801758 0.029297 0.029297
0 0.376953 0.705078 0.058594 0.039062
0 0.665039 0.773438 0.029297 0.019531
0 0.287109 0.485352 0.042969 0.048828
0 0.165039 0.945312 0.056641 0.050781
0 0.419922 0.242188 0.042969 0.058594
0 0.339844 0.416016 0.082031 0.054688
