0 0.340820 0.166016 0.033203 0.031250
0 0.473633 0.191406 0.033203 0.027344
0 0.437500 0.237305 0.054688 0.048828
0 0.639648 0.302734 0.037109 0.031250
0 0.571289 0.394531 0.037109 0.031250
0 0.510742 0.501953 0.041016 0.019531
0 0.742188 0.125000 0.035156 0.035156
0 0.364258 0.409180 0.068359 0.056641
0 0.454102 0.559570 0.052734 0.033203
0 0.462891 0.598633 0.031250 0.037109
0 0.251953 0.743164 0.035156 0.017578
0 0.286133 0.798828 0.048828 0.035156
0 0.279297 0.932617 0.039062 0.048828
0 0.246094 0.840820 0.027344 0.033203
0 0.298828 0.475586 0.046875 0.044922
0 0.171875 0.940430 0.035156 0.033203
