0 0.343750 0.165039 0.035156 0.037109
0 0.536133 0.148438 0.029297 0.027344
0 0.591797 0.104492 0.031250 0.029297
0 0.682617 0.237305 0.029297 0.033203
0 0.699219 0.205078 0.027344 0.031250
0 0.719727 0.190430 0.025391 0.029297
0 0.824219 0.040039 0.027344 0.033203
0 0.416992 0.622070 0.037109 0.029297
0 0.456055 0.622070 0.048828 0.044922
0 0.418945 0.245117 0.060547 0.060547
0 0.234375 0.721680 0.035156 0.017578
0 0.166992 0.939453 0.044922 0.039062
0 0.306641 0.769531 0.050781 0.058594
0 0.428711 0.314453 0.044922 0.082031
