0 0.342773 0.164062 0.033203 0.031250
0 0.430664 0.255859 0.056641 0.078125
0 0.330078 0.290039 0.058594 0.044922
0 0.541992 0.126953 0.056641 0.023438
0 0.690430 0.231445 0.029297 0.037109
0 0.632812 0.310547 0.031250 0.023438
0 0.626953 0.332031 0.039062 0.027344
0 0.594727 0.351562 0.025391 0.027344
0 0.572266 0.335938 0.042969 0.035156
0 0.505859 0.406250 0.042969 0.015625
0 0.487305 0.458984 0.037109 0.023438
0 0.364258 0.431641 0.029297 0.011719
0 0.382812 0.690430 0.035156 0.033203
0 0.276367 0.931641 0.048828 0.054688
0 0.168945 0.939453 0.037109 0.042969
0 0.240234 0.490234 0.035156 0.035156
0 0.202148 0.522461 0.056641 0.029297
0 0.284180 0.494141 0.037109 0.031250
0 0.361328 0.947266 0.050781 0.042969
