0 0.342773 0.165039 0.033203 0.033203
0 0.623047 0.238281 0.054688 0.050781
0 0.675781 0.234375 0.027344 0.019531
0 0.702148 0.243164 0.037109 0.033203
0 0.705078 0.218750 0.039062 0.031250
0 0.418945 0.234375 0.048828 0.066406
0 0.335938 0.424805 0.085938 0.052734
0 0.255859 0.791992 0.046875 0.029297
0 0.262695 0.811523 0.033203 0.029297
0 0.244141 0.839844 0.039062 0.035156
0 0.278320 0.928711 0.052734 0.052734
0 0.209961 0.897461 0.068359 0.052734
0 0.199219 0.519531 0.046875 0.035156
0 0.359375 0.950195 0.050781 0.044922
0 0.329102 0.294922 0.044922 0.039062
0 0.720703 0.058594 0.023438 0.011719
0 0.798828 0.007812 0.027344 0.011719
0 0.662109 0.774414 0.031250 0.021484
