0 0.345703 0.166992 0.027344 0.044922
0 0.436523 0.267578 0.041016 0.050781
0 0.705078 0.217773 0.031250 0.037109
0 0.725586 0.234375 0.033203 0.035156
0 0.721680 0.186523 0.037109 0.041016
0 0.499023 0.487305 0.033203 0.017578
0 0.561523 0.491211 0.033203 0.009766
0 0.363281 0.430664 0.031250 0.025391
0 0.281250 0.486328 0.046875 0.019531
0 0.252930 0.499023 0.037109 0.013672
0 0.201172 0.504883 0.042969 0.021484
0 0.309570 0.789062 0.037109 0.074219
0 0.264648 0.811523 0.033203 0.044922
0 0.215820 0.886719 0.048828 0.062500
0 0.275391 0.925781 0.054688 0.042969
0 0.355469 0.946289 0.066406 0.044922
0 0.364258 0.726562 0.048828 0.035156
0 0.328125 0.291992 0.058594 0.037109
0 0.433594 0.218750 0.046875 0.042969
