0 0.685547 0.247070 0.031250 0.041016
0 0.528320 0.369141 0.041016 0.015625
0 0.435547 0.265625 0.042969 0.042969
0 0.432617 0.220703 0.044922 0.039062
0 0.341797 0.162109 0.039062 0.046875
0 0.435547 0.650391 0.031250 0.042969
0 0.394531 0.671875 0.046875 0.031250
0 0.268555 0.813477 0.037109 0.037109
0 0.278320 0.930664 0.060547 0.052734
0 0.219727 0.889648 0.041016 0.056641
0 0.362305 0.949219 0.048828 0.046875
0 0.187500 0.511719 0.050781 0.031250
0 0.323242 0.289062 0.052734 0.035156
0 0.464844 0.541992 0.054688 0.060547
