0 0.344727 0.161133 0.029297 0.033203
0 0.433594 0.217773 0.039062 0.033203
0 0.432617 0.256836 0.037109 0.041016
0 0.533203 0.486328 0.039062 0.015625
0 0.313477 0.757812 0.033203 0.039062
0 0.277344 0.931641 0.054688 0.062500
0 0.222656 0.553711 0.042969 0.052734
0 0.180664 0.546875 0.037109 0.066406
0 0.243164 0.463867 0.025391 0.056641
0 0.330078 0.295898 0.054688 0.033203
0 0.693359 0.115234 0.031250 0.015625
0 0.719727 0.128906 0.052734 0.011719
0 0.553711 0.093750 0.052734 0.039062
0 0.671875 0.617188 0.058594 0.042969
0 0.358398 0.952148 0.052734 0.048828
0 0.119141 0.901367 0.074219 0.060547
