0 0.344727 0.162109 0.029297 0.031250
0 0.445312 0.201172 0.031250 0.027344
0 0.436523 0.251953 0.048828 0.054688
0 0.676758 0.298828 0.033203 0.027344
0 0.470703 0.375000 0.031250 0.015625
0 0.333984 0.290039 0.035156 0.029297
0 0.301758 0.469727 0.060547 0.033203
0 0.383789 0.677734 0.048828 0.042969
0 0.209961 0.649414 0.029297 0.025391
0 0.225586 0.730469 0.041016 0.039062
0 0.248047 0.794922 0.039062 0.039062
0 0.250000 0.828125 0.046875 0.035156
0 0.280273 0.932617 0.048828 0.048828
0 0.361328 0.949219 0.058594 0.050781
0 0.368164 0.435547 0.044922 0.035156
0 0.673828 0.616211 0.042969 0.037109
