0 0.358398 0.161133 0.037109 0.029297
0 0.437500 0.258789 0.039062 0.033203
0 0.242188 0.507812 0.042969 0.046875
0 0.231445 0.552734 0.029297 0.039062
0 0.186523 0.700195 0.033203 0.033203
0 0.204102 0.791992 0.033203 0.029297
0 0.238281 0.815430 0.042969 0.033203
0 0.228516 0.894531 0.035156 0.042969
0 0.278320 0.930664 0.052734 0.068359
0 0.673828 0.620117 0.058594 0.048828
0 0.363281 0.435547 0.039062 0.023438
0 0.594727 0.483398 0.056641 0.029297
0 0.358398 0.953125 0.048828 0.046875
0 0.352539 0.244141 0.037109 0.031250
0 0.328125 0.294922 0.050781 0.027344
