0 0.377930 0.156250 0.037109 0.039062
0 0.413086 0.250000 0.037109 0.035156
0 0.442383 0.256836 0.033203 0.033203
0 0.326172 0.294922 0.054688 0.035156
0 0.386719 0.612305 0.035156 0.044922
0 0.303711 0.656250 0.044922 0.027344
0 0.257812 0.604492 0.035156 0.033203
0 0.191406 0.770508 0.062500 0.041016
0 0.447266 0.647461 0.050781 0.052734
0 0.176758 0.927734 0.056641 0.031250
0 0.209961 0.894531 0.052734 0.039062
0 0.273438 0.932617 0.054688 0.044922
0 0.358398 0.949219 0.060547 0.054688
0 0.596680 0.121094 0.037109 0.019531
0 0.445312 0.036133 0.070312 0.033203
0 0.207031 0.540039 0.058594 0.064453
0 0.170898 0.602539 0.037109 0.044922
0 0.202148 0.435547 0.044922 0.042969
0 0.232422 0.411133 0.050781 0.033203
