0 0.460345 0.374138 0.058621 0.044828
0 0.737931 0.317241 0.062069 0.055172
0 0.568966 0.217241 0.048276 0.048276
0 0.624138 0.232759 0.041379 0.037931
0 0.417241 0.091379 0.089655 0.051724
0 0.477586 0.593103 0.058621 0.068966
0 0.625862 0.606897 0.037931 0.041379
0 0.720690 0.553448 0.096552 0.051724
0 0.851724 0.605172 0.041379 0.051724
0 0.863793 0.729310 0.044828 0.044828
0 0.834483 0.801724 0.041379 0.044828
0 0.675862 0.693103 0.055172 0.055172
0 0.532759 0.786207 0.051724 0.027586
0 0.517241 0.817241 0.041379 0.034483
0 0.612069 0.822414 0.044828 0.031034
0 0.703448 0.803448 0.075862 0.041379
0 0.341379 0.667241 0.048276 0.051724
0 0.275862 0.874138 0.055172 0.044828
0 0.231034 0.920690 0.055172 0.048276
0 0.156897 0.939655 0.051724 0.044828
0 0.136207 0.641379 0.031034 0.027586
0 0.686207 0.903448 0.041379 0.048276
