0 0.406897 0.089655 0.103448 0.041379
0 0.568966 0.218966 0.055172 0.044828
0 0.625862 0.231034 0.044828 0.041379
0 0.732759 0.312069 0.065517 0.051724
0 0.456897 0.377586 0.058621 0.051724
0 0.720690 0.556897 0.096552 0.051724
0 0.851724 0.610345 0.041379 0.048276
0 0.862069 0.732759 0.048276 0.037931
0 0.682759 0.698276 0.062069 0.058621
0 0.629310 0.605172 0.051724 0.044828
0 0.481034 0.593103 0.051724 0.068966
0 0.341379 0.668966 0.041379 0.055172
0 0.274138 0.875862 0.044828 0.048276
0 0.229310 0.924138 0.058621 0.055172
0 0.156897 0.937931 0.051724 0.041379
0 0.546552 0.784483 0.086207 0.031034
0 0.517241 0.822414 0.041379 0.037931
0 0.612069 0.829310 0.058621 0.044828
0 0.703448 0.800000 0.075862 0.041379
0 0.689655 0.901724 0.041379 0.044828
0 0.834483 0.805172 0.055172 0.044828
0 0.137931 0.644828 0.041379 0.034483
