0 0.341797 0.165039 0.035156 0.037109
0 0.485352 0.169922 0.029297 0.027344
0 0.471680 0.197266 0.029297 0.027344
0 0.454102 0.223633 0.033203 0.029297
0 0.592773 0.305664 0.037109 0.033203
0 0.591797 0.446289 0.039062 0.033203
0 0.283203 0.489258 0.039062 0.041016
0 0.370117 0.719727 0.037109 0.037109
0 0.162109 0.951172 0.035156 0.027344
0 0.266602 0.842773 0.041016 0.033203
0 0.190430 0.930664 0.048828 0.029297
0 0.476562 0.516602 0.031250 0.009766
0 0.698242 0.092773 0.037109 0.005859
0 0.665039 0.775391 0.033203 0.015625
0 0.326172 0.450195 0.058594 0.048828
