0 0.408621 0.091379 0.093103 0.044828
0 0.570690 0.212069 0.044828 0.044828
0 0.625862 0.231034 0.037931 0.055172
0 0.732759 0.310345 0.072414 0.055172
0 0.458621 0.382759 0.068966 0.062069
0 0.558621 0.431034 0.048276 0.041379
0 0.717241 0.548276 0.096552 0.048276
0 0.850000 0.606897 0.044828 0.048276
0 0.625862 0.605172 0.051724 0.044828
0 0.481034 0.596552 0.051724 0.068966
0 0.339655 0.667241 0.044828 0.051724
0 0.400000 0.765517 0.048276 0.041379
0 0.541379 0.787931 0.082759 0.031034
0 0.510345 0.822414 0.055172 0.044828
0 0.608621 0.822414 0.051724 0.031034
0 0.701724 0.798276 0.086207 0.044828
0 0.682759 0.693103 0.068966 0.048276
0 0.860345 0.731034 0.051724 0.041379
0 0.841379 0.812069 0.062069 0.058621
0 0.684483 0.903448 0.051724 0.041379
0 0.272414 0.872414 0.041379 0.041379
0 0.231034 0.925862 0.062069 0.058621
0 0.156897 0.939655 0.051724 0.037931
