0 0.412069 0.091379 0.100000 0.044828
0 0.572414 0.217241 0.048276 0.048276
0 0.624138 0.229310 0.041379 0.037931
0 0.732759 0.313793 0.065517 0.055172
0 0.458621 0.377586 0.062069 0.044828
0 0.720690 0.550000 0.096552 0.044828
0 0.853448 0.610345 0.044828 0.041379
0 0.632759 0.610345 0.058621 0.048276
0 0.481034 0.594828 0.051724 0.065517
0 0.341379 0.667241 0.048276 0.044828
0 0.677586 0.691379 0.065517 0.044828
0 0.862069 0.732759 0.055172 0.044828
0 0.834483 0.806897 0.055172 0.041379
0 0.703448 0.798276 0.075862 0.037931
0 0.551724 0.782759 0.096552 0.034483
0 0.518966 0.818966 0.044828 0.037931
0 0.612069 0.824138 0.051724 0.034483
0 0.277586 0.877586 0.058621 0.051724
0 0.224138 0.925862 0.055172 0.051724
0 0.156897 0.936207 0.065517 0.044828
0 0.691379 0.900000 0.044828 0.048276
0 0.546552 0.439655 0.086207 0.044828
