0 0.456897 0.377586 0.058621 0.058621
0 0.732759 0.315517 0.072414 0.058621
0 0.570690 0.218966 0.037931 0.044828
0 0.625862 0.231034 0.037931 0.041379
0 0.410345 0.094828 0.096552 0.044828
0 0.477586 0.594828 0.058621 0.065517
0 0.631034 0.605172 0.055172 0.044828
0 0.718966 0.551724 0.086207 0.048276
0 0.612069 0.822414 0.037931 0.031034
0 0.515517 0.820690 0.044828 0.041379
0 0.339655 0.668966 0.051724 0.048276
0 0.405172 0.765517 0.037931 0.034483
0 0.275862 0.870690 0.055172 0.044828
0 0.227586 0.920690 0.062069 0.055172
0 0.158621 0.939655 0.048276 0.037931
0 0.860345 0.731034 0.051724 0.048276
0 0.853448 0.600000 0.044828 0.055172
0 0.667241 0.686207 0.051724 0.048276
0 0.703448 0.801724 0.082759 0.044828
0 0.805172 0.887931 0.051724 0.065517
0 0.551724 0.786207 0.089655 0.034483
