0 0.412069 0.091379 0.100000 0.044828
0 0.570690 0.215517 0.051724 0.044828
0 0.625862 0.232759 0.044828 0.044828
0 0.734483 0.313793 0.068966 0.055172
0 0.456897 0.375862 0.058621 0.048276
0 0.722414 0.555172 0.093103 0.041379
0 0.631034 0.605172 0.062069 0.044828
0 0.851724 0.603448 0.041379 0.068966
0 0.862069 0.734483 0.048276 0.041379
0 0.675862 0.691379 0.055172 0.044828
0 0.481034 0.593103 0.058621 0.068966
0 0.339655 0.670690 0.044828 0.051724
0 0.406897 0.760345 0.041379 0.044828
0 0.551724 0.782759 0.110345 0.034483
0 0.513793 0.820690 0.048276 0.041379
0 0.606897 0.825862 0.055172 0.037931
0 0.701724 0.798276 0.086207 0.037931
0 0.834483 0.803448 0.055172 0.041379
0 0.277586 0.872414 0.051724 0.055172
0 0.234483 0.924138 0.068966 0.055172
0 0.153448 0.939655 0.058621 0.044828
0 0.546552 0.441379 0.072414 0.041379
0 0.687931 0.905172 0.065517 0.051724
