0 0.405172 0.093103 0.093103 0.048276
0 0.565517 0.217241 0.041379 0.034483
0 0.624138 0.231034 0.041379 0.048276
0 0.734483 0.315517 0.068966 0.065517
0 0.455172 0.375862 0.055172 0.048276
0 0.546552 0.444828 0.072414 0.041379
0 0.720690 0.553448 0.096552 0.065517
0 0.629310 0.610345 0.058621 0.041379
0 0.477586 0.594828 0.051724 0.072414
0 0.339655 0.667241 0.051724 0.051724
0 0.400000 0.768966 0.048276 0.041379
0 0.281034 0.874138 0.051724 0.044828
0 0.227586 0.922414 0.062069 0.058621
0 0.158621 0.937931 0.062069 0.048276
0 0.544828 0.786207 0.089655 0.041379
0 0.513793 0.825862 0.048276 0.037931
0 0.612069 0.824138 0.044828 0.027586
0 0.696552 0.800000 0.062069 0.041379
0 0.677586 0.691379 0.058621 0.044828
0 0.862069 0.734483 0.055172 0.041379
0 0.853448 0.612069 0.044828 0.044828
0 0.805172 0.886207 0.072414 0.068966
0 0.693103 0.901724 0.048276 0.044828
0 0.401724 0.558621 0.037931 0.034483
0 0.136207 0.643103 0.037931 0.031034
