0 0.456897 0.377586 0.058621 0.058621
0 0.412069 0.089655 0.093103 0.041379
0 0.570690 0.215517 0.044828 0.044828
0 0.624138 0.231034 0.041379 0.055172
0 0.734483 0.312069 0.062069 0.058621
0 0.722414 0.551724 0.093103 0.048276
0 0.851724 0.601724 0.048276 0.058621
0 0.862069 0.729310 0.055172 0.037931
0 0.839655 0.810345 0.051724 0.048276
0 0.701724 0.798276 0.079310 0.051724
0 0.675862 0.694828 0.055172 0.058621
0 0.627586 0.605172 0.055172 0.051724
0 0.484483 0.596552 0.058621 0.068966
0 0.339655 0.665517 0.051724 0.048276
0 0.401724 0.772414 0.044828 0.055172
0 0.553448 0.789655 0.113793 0.034483
0 0.515517 0.827586 0.065517 0.048276
0 0.612069 0.822414 0.058621 0.037931
0 0.798276 0.889655 0.072414 0.082759
0 0.275862 0.874138 0.055172 0.044828
0 0.231034 0.922414 0.068966 0.051724
0 0.155172 0.932759 0.055172 0.044828
0 0.691379 0.906897 0.051724 0.048276
0 0.544828 0.443103 0.075862 0.044828
