0 0.410345 0.091379 0.089655 0.044828
0 0.570690 0.213793 0.044828 0.041379
0 0.620690 0.227586 0.034483 0.048276
0 0.734483 0.312069 0.062069 0.051724
0 0.456897 0.374138 0.065517 0.051724
0 0.718966 0.551724 0.086207 0.048276
0 0.855172 0.603448 0.041379 0.055172
0 0.625862 0.606897 0.058621 0.041379
0 0.477586 0.593103 0.051724 0.055172
0 0.339655 0.668966 0.051724 0.048276
0 0.400000 0.768966 0.034483 0.034483
0 0.274138 0.877586 0.051724 0.044828
0 0.229310 0.922414 0.072414 0.051724
0 0.158621 0.941379 0.055172 0.055172
0 0.550000 0.787931 0.086207 0.031034
0 0.518966 0.824138 0.058621 0.041379
0 0.613793 0.825862 0.048276 0.037931
0 0.677586 0.691379 0.058621 0.051724
0 0.860345 0.734483 0.051724 0.048276
0 0.705172 0.796552 0.079310 0.041379
0 0.836207 0.803448 0.051724 0.041379
0 0.801724 0.884483 0.058621 0.079310
0 0.693103 0.906897 0.062069 0.055172
