0 0.410345 0.091379 0.089655 0.044828
0 0.572414 0.217241 0.041379 0.048276
0 0.625862 0.234483 0.044828 0.048276
0 0.732759 0.312069 0.079310 0.058621
0 0.456897 0.374138 0.058621 0.051724
0 0.481034 0.591379 0.058621 0.065517
0 0.629310 0.606897 0.051724 0.048276
0 0.722414 0.553448 0.093103 0.044828
0 0.853448 0.605172 0.044828 0.051724
0 0.863793 0.732759 0.051724 0.044828
0 0.836207 0.805172 0.058621 0.044828
0 0.677586 0.689655 0.065517 0.048276
0 0.701724 0.800000 0.079310 0.048276
0 0.686207 0.905172 0.048276 0.044828
0 0.544828 0.784483 0.089655 0.031034
0 0.337931 0.667241 0.048276 0.044828
0 0.274138 0.874138 0.051724 0.044828
0 0.227586 0.925862 0.062069 0.051724
0 0.158621 0.939655 0.055172 0.044828
0 0.513793 0.825862 0.055172 0.044828
0 0.608621 0.820690 0.044828 0.041379
