0 0.336207 0.667241 0.044828 0.051724
0 0.477586 0.594828 0.065517 0.072414
0 0.632759 0.605172 0.058621 0.044828
0 0.722414 0.553448 0.093103 0.051724
0 0.456897 0.375862 0.072414 0.055172
0 0.734483 0.312069 0.062069 0.051724
0 0.570690 0.215517 0.044828 0.051724
0 0.632759 0.217241 0.058621 0.068966
0 0.413793 0.093103 0.103448 0.048276
0 0.851724 0.596552 0.048276 0.068966
0 0.674138 0.693103 0.079310 0.048276
0 0.865517 0.734483 0.062069 0.048276
0 0.836207 0.801724 0.051724 0.044828
0 0.705172 0.798276 0.086207 0.051724
0 0.548276 0.789655 0.089655 0.048276
0 0.510345 0.824138 0.041379 0.048276
0 0.610345 0.820690 0.048276 0.034483
0 0.275862 0.872414 0.048276 0.041379
0 0.231034 0.925862 0.068966 0.058621
0 0.156897 0.936207 0.058621 0.044828
0 0.801724 0.891379 0.065517 0.079310
